[gd_scene load_steps=13 format=3 uid="uid://cfx1rqvxuku42"]

[ext_resource type="Script" uid="uid://bcf3spnmxk1j6" path="res://demo/players/dummy_player/DummyPlayer.cs" id="1_0vlpo"]
[ext_resource type="PackedScene" uid="uid://bsg5g6qsvepfc" path="res://resources/Knight.glb" id="1_7a525"]

[sub_resource type="AnimationNodeAnimation" id="AnimationNodeAnimation_kv5mh"]
animation = &"Idle"

[sub_resource type="AnimationNodeAnimation" id="AnimationNodeAnimation_87ku5"]
animation = &"Jump_Full_Long"

[sub_resource type="AnimationNodeAnimation" id="AnimationNodeAnimation_df7y4"]
animation = &"Running_A"

[sub_resource type="AnimationNodeStateMachineTransition" id="AnimationNodeStateMachineTransition_3jlh5"]
xfade_time = 0.2
advance_mode = 2
advance_condition = &"run"

[sub_resource type="AnimationNodeStateMachineTransition" id="AnimationNodeStateMachineTransition_l4e0v"]
xfade_time = 0.2
advance_mode = 2
advance_condition = &"idle"

[sub_resource type="AnimationNodeStateMachineTransition" id="AnimationNodeStateMachineTransition_3t1r1"]
advance_mode = 2

[sub_resource type="AnimationNodeStateMachineTransition" id="AnimationNodeStateMachineTransition_xn3g4"]
xfade_time = 0.2
advance_mode = 2
advance_condition = &"jump"

[sub_resource type="AnimationNodeStateMachineTransition" id="AnimationNodeStateMachineTransition_5pjuw"]
xfade_time = 0.2
switch_mode = 2
advance_mode = 2

[sub_resource type="AnimationNodeStateMachine" id="AnimationNodeStateMachine_dd6xu"]
states/Idle/node = SubResource("AnimationNodeAnimation_kv5mh")
states/Idle/position = Vector2(388, 49)
states/Jump_Full_Long/node = SubResource("AnimationNodeAnimation_87ku5")
states/Jump_Full_Long/position = Vector2(640, 43)
states/Running_A/node = SubResource("AnimationNodeAnimation_df7y4")
states/Running_A/position = Vector2(470, 140)
transitions = ["Idle", "Running_A", SubResource("AnimationNodeStateMachineTransition_3jlh5"), "Running_A", "Idle", SubResource("AnimationNodeStateMachineTransition_l4e0v"), "Start", "Idle", SubResource("AnimationNodeStateMachineTransition_3t1r1"), "Idle", "Jump_Full_Long", SubResource("AnimationNodeStateMachineTransition_xn3g4"), "Jump_Full_Long", "Idle", SubResource("AnimationNodeStateMachineTransition_5pjuw")]

[sub_resource type="CapsuleShape3D" id="CapsuleShape3D_1tnv2"]

[node name="DummyPlayer" node_paths=PackedStringArray("_skeleton", "_animTree") instance=ExtResource("1_7a525")]
script = ExtResource("1_0vlpo")
_skeleton = NodePath("Rig")
_animTree = NodePath("AnimationTree")

[node name="Skeleton3D" parent="Rig" index="0"]
bones/1/position = Vector3(0, 0.39021817, 0)
bones/1/rotation = Quaternion(-1.11122625e-10, 0.043157753, 2.5724098e-09, 0.9990683)
bones/2/rotation = Quaternion(-6.938893e-18, 7.1054274e-15, 4.93038e-32, 1)
bones/3/rotation = Quaternion(8.271806e-25, 3.7252903e-09, -2.75506e-40, 1)
bones/4/position = Vector3(0.21200736, 0.13413203, 7.9299625e-08)
bones/4/rotation = Quaternion(-0.5593088, -0.060396932, -0.6430905, 0.51957726)
bones/4/scale = Vector3(0.999999, 0.999999, 1)
bones/5/rotation = Quaternion(2.3010188e-08, -4.2109942e-08, -0.4972336, 0.8676167)
bones/6/rotation = Quaternion(-9.73784e-11, -2.98437e-10, 0.0266581, 0.999645)
bones/6/scale = Vector3(1, 1, 1)
bones/7/rotation = Quaternion(-0.32121438, -0.3265827, 0.1464896, 0.87675875)
bones/8/position = Vector3(8.348433e-10, 0.096125185, -0.057500035)
bones/8/rotation = Quaternion(0.00011034531, 0.00011034166, -0.70670176, 0.70751166)
bones/8/scale = Vector3(1, 1, 1)
bones/14/position = Vector3(-0.21200737, 0.13413203, 8.6813984e-08)
bones/14/rotation = Quaternion(-0.61764526, 0.08030865, 0.61730736, 0.48062092)
bones/14/scale = Vector3(0.999999, 0.999999, 1)
bones/15/rotation = Quaternion(3.5255876e-08, 5.355517e-08, 0.52033365, 0.853963)
bones/16/rotation = Quaternion(-9.73784e-11, 2.98437e-10, -0.0266581, 0.999645)
bones/16/scale = Vector3(1, 1, 1)
bones/17/rotation = Quaternion(-0.3195051, 0.3018128, -0.22810963, 0.8687874)
bones/18/position = Vector3(-1.573599e-08, 0.096125126, -0.057499975)
bones/18/rotation = Quaternion(0.00030990943, 0.00036502475, 0.7067855, 0.7074278)
bones/18/scale = Vector3(1, 1, 1)
bones/21/rotation = Quaternion(-5.8060785e-11, -0.031341746, -1.880125e-09, 0.99950874)
bones/24/position = Vector3(0.17094508, 0.1135872, 1.5994095e-08)
bones/24/rotation = Quaternion(0.9935453, 0.08348525, 0.074160576, 0.019954834)
bones/24/scale = Vector3(1, 1, 1)
bones/25/rotation = Quaternion(0.21906963, 6.62619e-08, -1.4734785e-07, 0.9757093)
bones/26/rotation = Quaternion(-0.52976286, -0.2087959, 0.047216263, 0.8206864)
bones/27/rotation = Quaternion(-9.740654e-09, 0.9203548, -0.39108446, 7.830904e-08)
bones/27/scale = Vector3(1, 1, 1)
bones/28/position = Vector3(-0.17094508, 0.11358732, 1.557549e-08)
bones/28/rotation = Quaternion(0.9968972, -0.029815955, 0.03135607, 0.06575618)
bones/28/scale = Vector3(1, 1, 1)
bones/29/rotation = Quaternion(0.29125878, -6.397226e-08, 2.0331981e-07, 0.9566444)
bones/30/rotation = Quaternion(-0.56820905, 0.11439751, -0.010062147, 0.81483155)
bones/31/rotation = Quaternion(3.035913e-08, 0.9203548, -0.39108446, -6.953383e-08)
bones/31/scale = Vector3(1, 1, 1)
bones/32/rotation = Quaternion(0.7071068, -2.2930234e-07, -4.6055177e-08, 0.7071068)
bones/33/position = Vector3(0.20218208, 0.025990263, 0.20518117)
bones/33/rotation = Quaternion(-0.7071068, -7.052851e-08, -7.0528486e-08, 0.7071068)
bones/34/rotation = Quaternion(9.6579225e-09, 1.7795515e-09, 0.98571914, -0.1683977)
bones/35/position = Vector3(-2.6049376e-08, 0.21343614, -5.171498e-09)
bones/35/rotation = Quaternion(-1.012734e-07, 0.39108434, 0.92035484, -3.3509146e-08)
bones/36/position = Vector3(8.589881e-09, 0.16565004, -2.4096307e-09)
bones/37/rotation = Quaternion(1, -2.3313629e-09, 1.9977652e-07, -1.3421114e-15)
bones/39/rotation = Quaternion(0.7071068, -3.823849e-08, 1.4500867e-07, 0.7071068)
bones/40/rotation = Quaternion(-0.7071068, -7.0528515e-08, -7.05285e-08, 0.7071068)
bones/41/rotation = Quaternion(-5.8358944e-09, 6.4383693e-10, 0.9948094, 0.10175614)
bones/42/position = Vector3(-1.114822e-08, 0.21343614, -2.5094192e-15)
bones/42/rotation = Quaternion(-1.05795515e-07, 0.39108434, 0.92035484, -2.5864264e-08)
bones/43/position = Vector3(-6.3112755e-09, 0.16565004, 2.7069498e-09)
bones/43/rotation = Quaternion(-0.391084, -6.885e-08, -6.56287e-08, 0.920355)
bones/44/rotation = Quaternion(1, 3.7652574e-09, 1.9487908e-07, 7.4505815e-09)
bones/46/rotation = Quaternion(-0.7071068, -7.279511e-08, -7.279509e-08, 0.7071068)
bones/47/position = Vector3(0.52084064, 0.78717935, -0.05763735)
bones/47/rotation = Quaternion(0.7946267, -1.1175871e-07, 0.6070983, -5.9604645e-08)
bones/48/rotation = Quaternion(-0.7071068, -7.279511e-08, -7.279509e-08, 0.7071068)
bones/49/position = Vector3(-0.5108437, 0.78717923, 0.059736922)
bones/49/rotation = Quaternion(-0.7582528, -1.527369e-07, 0.65196073, -1.1175871e-08)

[node name="1H_Sword_Offhand" parent="Rig/Skeleton3D" index="0"]
transform = Transform3D(5.1974188e-05, 0.26307076, 0.96477604, 0.9999985, -0.0011972152, 0.0002735612, 0.0012275692, 0.9647751, -0.26307026, 0.5122118, 0.635917, -0.0019454267)
visible = false

[node name="Badge_Shield" parent="Rig/Skeleton3D" index="1"]
transform = Transform3D(5.199717e-05, 0.26307055, 0.9647761, 0.9999985, -0.0011997503, 0.0002742284, 0.0012301907, 0.96477515, -0.26307005, 0.66260624, 0.63595974, -0.04295422)
visible = false

[node name="Rectangle_Shield" parent="Rig/Skeleton3D" index="2"]
transform = Transform3D(5.199717e-05, 0.26307055, 0.9647761, 0.9999985, -0.0011997503, 0.0002742284, 0.0012301907, 0.96477515, -0.26307005, 0.66260624, 0.63595974, -0.04295422)
visible = false

[node name="Round_Shield" parent="Rig/Skeleton3D" index="3"]
transform = Transform3D(5.199717e-05, 0.26307055, 0.9647761, 0.9999985, -0.0011997503, 0.0002742284, 0.0012301907, 0.96477515, -0.26307005, 0.66260624, 0.63595974, -0.04295422)
visible = false

[node name="Spike_Shield" parent="Rig/Skeleton3D" index="4"]
transform = Transform3D(5.199717e-05, 0.26307055, 0.9647761, 0.9999985, -0.0011997503, 0.0002742284, 0.0012301907, 0.96477515, -0.26307005, 0.66260624, 0.63595974, -0.04295422)
visible = false

[node name="1H_Sword" parent="Rig/Skeleton3D" index="5"]
transform = Transform3D(-0.00021418664, -0.15083806, 0.9885579, 0.9999988, -0.00090825174, 7.7188466e-05, 0.00088670023, 0.98855734, 0.1508381, -0.496026, 0.6402551, 0.13967878)
visible = false

[node name="2H_Sword" parent="Rig/Skeleton3D" index="6"]
transform = Transform3D(-0.0002142024, -0.15083806, 0.9885579, 0.9999988, -0.00090826646, 7.720215e-05, 0.00088671275, 0.98855734, 0.1508381, -0.496026, 0.6402551, 0.13967878)

[node name="Knight_Helmet" parent="Rig/Skeleton3D" index="7"]
transform = Transform3D(0.9997204, -1.4014349e-09, 0.023646597, 1.3934147e-09, 0.99999994, 3.5568634e-10, -0.023646597, -3.226374e-10, 0.9997204, 4.6986912e-07, 1.2004459, -1.197793e-07)

[node name="Knight_Cape" parent="Rig/Skeleton3D" index="8"]
transform = Transform3D(0.9962748, -5.1496167e-09, 0.08623532, 5.1304343e-09, 0.99999994, 4.4407705e-10, -0.08623532, 1.8800716e-15, 0.9962748, -1.6302259e-08, 1.2004459, -1.4013642e-07)

[node name="AnimationTree" type="AnimationTree" parent="." index="2"]
tree_root = SubResource("AnimationNodeStateMachine_dd6xu")
anim_player = NodePath("../AnimationPlayer")
parameters/conditions/idle = true
parameters/conditions/jump = false
parameters/conditions/run = false

[node name="StaticBody3D" type="StaticBody3D" parent="." index="3"]

[node name="CollisionShape3D" type="CollisionShape3D" parent="StaticBody3D" index="0"]
transform = Transform3D(1, 0, 0, 0, 1, 0, 0, 0, 1, 0, 1, 0)
shape = SubResource("CapsuleShape3D_1tnv2")
